1757328145645.185 867.039 -16.2863 123.021  600.111 11.111 11.111 111.111 -1 0 0 0 0 0 0 0 0 0 0 0 0 
1757328145651.453 856.616 -16.4766 128.681  600.111 11.111 11.111 111.111 -1 0 0 0 0 0 0 
1757328145657.683 839.695 -15.8498 132.43  600.111 11.111 11.111 111.111 
1757328145663.935 833.171 -15.716 136.562  600.111 11.111 11.111 111.111 
1757328145670.181 826.602 -16.3317 140.644  600.111 11.111 11.111 111.111 
1757328145676.43 816.986 -17.2566 144.863  600.111 11.111 11.111 111.111 
1757328145688.93 801.272 -16.6026 151.47  600.111 11.111 11.111 111.111 
1757328145695.195 792.134 -17.4981 155.855  600.111 11.111 11.111 111.111 
1757328145701.43 786.062 -16.6564 159.665  600.111 11.111 11.111 111.111 
1757328145707.732 780.051 -17.2414 163.44  600.111 11.111 11.111 111.111 
1757328145713.943 780.122 -17.2007 166.613  789.757 300.946 -11.5612 178.404 
1757328145720.193 762.599 -16.9226 168.631  790.738 301.306 -9.55927 174.226 
1757328145757.691 726.698 -15.843 187.588  753.24 301.306 -9.55927 174.226 
1757328145813.952 680.882 -16.2445 208.431  709.483 301.585 -9.23815 171.06 
1757328145820.186 676.071 -15.5022 210.944  693.512 301.888 -10.7176 173.933 
1757328145826.427 673.69 -15.7596 213.146  685.504 302.168 -11.8893 174.615 
1757328145832.695 664.257 -15.6011 214.305  697.492 302.739 -10.8624 167.031 
1757328145838.934 661.936 -15.8551 216.471  694.491 302.711 -11.8431 165.724 
1757328145845.188 661.911 -17.0874 218.977  681.489 303.317 -9.33164 167.815 
1757328145851.435 657.317 -16.9929 220.15  676.483 303.361 -10.3047 166.832 
1757328145857.711 652.796 -16.271 221.623  666.469 303.721 -11.6125 167.939 
1757328145863.971 648.231 -16.1907 222.451  660.209 303.721 -11.6125 167.939 
1757328145870.178 639.294 -16.0306 223.788  653.244 303.844 -11.1558 168.257 
1757328145876.433 634.876 -15.9384 225.811  649.255 304.147 -9.2988 167.228 
1757328145882.7 626.145 -15.7922 226.783  647.241 304.13 -10.7161 165.394 
1757328145888.931 619.729 -15.3728 228.397  637.265 304.558 -10.4508 166.182 
1757328145901.435 619.76 -15.9243 232.591  625.015 304.872 -9.32195 166.461 
1757328145907.698 609.228 -15.46 232.81  621.988 305.237 -8.76589 165.413 
1757328145913.931 605.168 -15.3735 234.149  612.009 304.199 -10.1176 165.417 
1757328145920.187 603.115 -15.0353 235.244  608 305.805 -10.431 165.528 
1757328145926.425 599.025 -14.9639 236.251  606.017 305.162 -8.14464 165.704 
1757328145932.677 593.044 -15.1436 237.473  598.004 307.147 -7.16026 165.637 
1757328145938.918 589.094 -15.0773 237.602  591.763 307.147 -7.16026 165.637 
1757328145945.18 583.216 -15.2644 238.219  585.501 307.147 -7.16026 165.637 
1757328145951.422 579.352 -15.1836 239.768  579.259 307.147 -7.16026 165.637 
1757328145957.688 577.438 -14.8509 241.106  551.991 308.949 -6.95749 165.61 
1757328145963.941 573.616 -14.7921 240.928  550.981 307.239 -4.84239 165.621 
1757328145970.196 567.954 -14.978 241.511  553.009 305.595 -3.50232 165.491 
1757328145976.45 564.23 -14.8999 243.017  550.984 307.6 -5.92995 165.524 
1757328145982.686 562.351 -14.5838 243.756  543.991 308.964 -5.35709 165.738 
1757328145988.94 555.047 -15.0246 243.394  537.976 307.372 -5.39221 165.514 
1757328145995.187 553.227 -14.7069 244.405  529.999 306.132 -7.99588 165.471 
1757328146001.442 549.604 -14.6413 245.312  521.994 305.025 -12.3309 165.496 
1757328146007.681 546.066 -14.582 245.129  516.994 304.494 -13.5826 165.554 
1757328146032.679 523.618 -15.0216 245.258  492.24 302.646 -14.729 165.475 
1757328146038.922 523.638 -14.9987 247.128  487.245 304.637 -13.5792 165.629 
1757328146045.205 518.674 -14.6434 247.111  485.21 303.376 -9.47604 165.415 
1757328146051.434 515.398 -14.0495 247.713  478.229 307.474 -11.9803 165.456 
1757328146057.677 513.75 -13.7615 247.612  471.24 307.127 -10.7148 165.628 
1757328146063.916 510.49 -13.6985 248.727  466.269 305.908 -9.03968 165.443 
1757328146070.186 505.69 -13.8861 248.181  460.232 306.01 -8.70225 165.696 
1757328146076.436 502.47 -13.8384 248.238  455.224 307.43 -8.74664 165.416 
1757328146082.675 500.905 -13.5405 249.18  447.284 306.863 -8.11729 165.663 
1757328146088.919 494.672 -13.9631 248.286  441.267 308.76 -7.01111 165.688 
1757328146095.167 493.112 -13.683 248.186  435.242 309.378 -6.05001 165.713 
1757328146101.415 487.001 -13.0729 248.065  425.256 307.451 -5.52619 165.72 
1757328146107.663 488.499 -13.3457 248.917  418.262 306.391 -5.00572 165.637 
1757328146113.917 482.462 -12.7478 248.286  411.263 307.143 -4.87215 165.654 
1757328146120.185 477.967 -12.9407 247.75  406.245 306.916 -4.63232 165.506 
1757328146126.418 475.006 -12.8955 247.813  399.241 306.823 -4.33398 165.511 
1757328146132.66 473.564 -12.6172 247.976  393.273 306.877 -4.8491 165.486 
1757328146138.959 467.759 -13.0407 246.624  389.227 307.5 -5.27583 165.43 
1757328146145.186 466.347 -12.7648 246.788  383 307.5 -5.27583 165.43 
1757328146151.409 463.458 -12.7242 246.848  378.035 308.418 -6.27939 165.539 
1757328146157.671 456.433 -12.384 245.44  367.254 303.358 -9.9661 165.538 
1757328146163.925 453.68 -12.3404 245.277  362.263 303.17 -8.48473 165.702 
1757328146170.18 452.246 -12.0905 244.693  357.231 303.066 -8.11157 165.556 
1757328146176.43 449.536 -12.0438 244.779  350.981 303.066 -8.11157 165.556 
1757328146182.659 445.465 -12.2345 243.816  345.997 303.801 -7.75268 165.702 
1757328146188.933 442.778 -12.2006 243.18  341.243 304.145 -7.71977 165.63 
1757328146195.186 441.462 -11.9359 243.344  335.235 304.539 -7.36782 165.504 
1757328146201.444 438.806 -11.9033 242.713  328.977 304.539 -7.36782 165.504 
1757328146207.684 434.861 -12.0918 241.778  323.976 304.692 -6.51053 165.434 
1757328146213.925 427.098 -11.9926 240.167  317.977 305.704 -6.57225 165.654 
1757328146220.188 425.823 -11.7426 239.862  313.978 305.231 -6.82999 165.619 
1757328146226.411 423.3 -11.7125 239.031  304.997 304.785 -5.70932 165.642 
1757328146232.656 422.039 -11.4644 238.731  300.006 304.164 -5.98949 165.529 
1757328146238.912 419.515 -11.4426 237.67  295.998 305.035 -5.2014 165.47 
1757328146245.176 415.791 -10.7067 236.785  290.01 304.173 -6.30031 165.588 
1757328146251.421 412.112 -10.8955 235.916  283.982 303.003 -6.38538 165.513 
1757328146257.66 409.682 -10.868 235.34  275.999 302.849 -5.62966 165.714 
1757328146263.902 408.473 -10.6264 235.053  271.04 303.423 -5.38681 165.482 
1757328146270.166 406.053 -10.6081 234.028  264.016 303.16 -4.54651 165.624 
1757328146276.408 400.136 -10.324 231.961  257.774 303.16 -4.54651 165.624 
1757328146282.662 397.795 -10.299 231.411  251.025 304.265 -5.15626 165.646 
1757328146288.91 396.63 -10.0628 231.136  246.007 303.146 -4.89136 165.456 
1757328146295.186 394.346 -10.0422 229.937  239.989 303.895 -4.35478 165.654 
1757328146301.403 390.891 -10.2362 228.689  232.022 303.437 -4.26508 165.686 
1757328146307.659 386.379 -9.74942 227.199  226.031 303.872 -4.2229 165.665 
1757328146313.942 385.233 -9.53011 226.276  221.984 303.185 -4.25587 165.45 
1757328146320.182 380.812 -9.05368 224.603  214.984 302.944 -4.40158 165.659 
1757328146326.432 379.694 -8.83365 223.912  208.975 302.989 -4.32065 165.576 
1757328146332.687 377.5 -8.82835 222.331  202.965 302.147 -4.2864 165.574 
1757328146338.917 373.184 -8.79251 220.921  196.993 303.263 -4.41338 165.43 
1757328146345.175 372.108 -9.00698 220.037  189.992 303.778 -4.21832 165.583 
1757328146351.425 367.848 -8.9816 218.015  180.998 302.319 -3.93 165.516 
1757328146357.69 366.815 -8.3353 217.147  174.967 302.448 -3.61422 165.526 
1757328146363.926 364.726 -8.75303 215.84  169.986 301.961 -2.97542 165.573 
1757328146370.166 361.601 -8.52732 214.098  163.987 301.63 -2.99297 165.555 
1757328146376.407 359.54 -8.09791 212.808  157.991 300.532 -3.21798 165.574 
1757328146382.652 356.46 -7.87637 211.303  152.005 300.691 -3.48703 165.603 
1757328146388.91 356.496 -7.88923 209.858  146.005 300.856 -3.37244 165.648 
1757328146395.167 353.458 -7.67093 208.172  139.748 300.856 -3.37244 165.648 
1757328146401.423 346.531 -7.0155 205.062  133.984 301.766 -3.22152 165.468 
1757328146407.657 345.53 -7.22985 204.038  126.997 301.824 -3.96986 165.456 
1757328146413.912 343.569 -6.81505 203.018  120.009 300.563 -3.65234 165.567 
1757328146420.153 340.683 -6.60879 201.005  115.011 301.412 -3.76941 165.637 
1757328146426.398 336.859 -6.6 199.218  108.016 301.425 -3.83321 165.655 
1757328146432.657 335.935 -6.81207 197.631  101.757 301.425 -3.83321 165.655 
1757328146438.915 334.053 -6.41114 196.055  95.7419 301.358 -3.71299 165.606 
1757328146445.171 331.254 -6.20908 194.307  89.7361 301.26 -3.63168 165.521 
1757328146451.407 329.393 -5.82052 192.358  82.7451 301.107 -3.71432 165.733 
1757328146457.654 327.588 -6.22708 190.435  77.7988 301.28 -3.87972 165.502 
1757328146463.921 323.033 -5.62361 188.389  70.7341 301.921 -3.86359 165.474 
1757328146470.164 323.046 -5.63745 187.221  64.7419 301.667 -3.86923 165.51 
1757328146476.414 320.366 -5.45209 184.776  58.4919 301.667 -3.86923 165.51 
1757328146482.657 318.577 -5.07344 182.899  50.759 301.72 -4.05784 165.526 
1757328146488.907 315.951 -4.8852 180.882  44.7319 302.058 -4.00203 165.475 
1757328146495.152 312.455 -4.89521 178.731  38.4868 302.058 -4.00203 165.475 
1757328146501.453 311.624 -5.10203 177.059  32.186 302.058 -4.00203 165.475 
1757328146507.655 309.902 -4.73951 174.478  25.9839 302.058 -4.00203 165.475 
1757328146513.906 307.338 -4.55706 172.722  19.7329 302.058 -4.00203 165.475 
1757328146526.416 302.324 -4.21387 167.579  7.2229 302.058 -4.00203 165.475 
1757328146532.639 301.513 -4.04127 165.766  600.111 11.111 11.111 111.111 
