1757328137970.535 943.978 -7.87928 209.103  600.111 11.111 11.111 111.111 -1 0 0 0 0 0 0 0 0 0 0 0 0 
1757328137976.778 932.165 -6.54824 212.705  600.111 11.111 11.111 111.111 -1 0 0 0 0 0 0 
1757328137983.064 924.39 -5.66845 215.87  600.111 11.111 11.111 111.111 
1757328137989.275 912.925 -4.36462 220.943  600.111 11.111 11.111 111.111 
1757328137995.521 905.398 -3.51264 224.006  600.111 11.111 11.111 111.111 
1757328138001.751 905.458 -1.0693 227.974  600.111 11.111 11.111 111.111 
1757328138008.009 894.359 -1.41893 232.075  600.111 11.111 11.111 111.111 
1757328138014.303 890.681 -0.974987 236.69  600.111 11.111 11.111 111.111 
1757328138020.5 883.62 -0.923093 240.019  600.111 11.111 11.111 111.111 
1757328138026.755 876.415 -0.108761 243.657  600.111 11.111 11.111 111.111 
1757328138032.994 876.512 -0.0580412 247.552  961.747 342.735 43.3365 176.425 
1757328138039.255 869.472 -0.804851 250.371  911.74 338.108 23.9042 186.109 
1757328138045.524 862.489 -0.00553496 253.142  900.72 342.146 29.6122 184.798 
1757328138051.772 852.217 -1.13837 254.595  888.744 345.572 28.8318 185.579 
1757328138064.246 842.12 0.0566022 259.773  889.528 346.337 37.2432 179.684 
1757328138070.502 835.488 0.0813908 262.429  859.509 357.102 26.5142 186.217 
1757328138076.749 832.144 0.466908 264.106  860.519 351.956 34.0278 181.975 
1757328138083 819.097 1.20201 265.576  844.519 358.443 22.057 186.296 
1757328138089.26 819.148 1.97972 268.534  835.505 353.889 18.336 186.291 
1757328138095.499 815.975 3.11608 271.651  831.519 354.425 19.8248 186.359 
1757328138101.736 803.329 3.06938 271.925  827.506 356.729 23.7235 186.098 
1757328138107.996 800.227 4.18803 275.346  823.538 356.389 29.0316 185.422 
1757328138114.247 797.204 3.83827 277.319  825.508 360.116 35.7914 180.834 
1757328138120.496 791.103 4.55874 279.404  819.506 360.53 35.5955 181.015 
1757328138126.741 782.038 4.87793 280.163  811.497 362.788 35.2164 181.085 
1757328138132.995 776.005 5.57088 282.181  803.517 369.595 34.7414 181.589 
1757328138139.244 773.12 5.22513 284.091  794.504 368.697 41.702 181.697 
1757328138145.516 767.227 5.90663 285.374  784.486 369.238 39.4706 181.592 
1757328138151.774 764.391 5.56287 287.259  782.474 371.583 39.2633 181.863 
1757328138158.011 758.662 6.25176 289.225  782.478 369.842 37.4053 181.774 
1757328138164.268 750.087 6.53228 289.171  776.221 369.842 37.4053 181.774 
1757328138170.519 750.176 6.57634 292.306  766.482 370.396 39.7188 181.817 
1757328138176.765 741.743 6.85185 292.228  760.236 370.396 39.7188 181.817 
1757328138183.018 739.073 7.20466 294.051  752.229 369.243 33.8231 181.737 
1757328138189.242 736.274 7.53852 295.833  749.248 371.804 38.9588 181.834 
1757328138195.534 730.834 7.50234 296.678  744.212 375.058 38.3356 181.632 
1757328138201.755 722.7 8.43892 296.556  735.239 375.084 29.0607 181.883 
1757328138208.002 720.097 8.78431 298.999  730.23 376.742 36.3662 181.723 
1757328138214.238 714.849 8.74042 299.482  725.25 375.187 39.9587 181.854 
1757328138220.512 712.2 9.06047 300.877  718.244 375.016 38.5219 181.703 
1757328138226.748 707.054 9.6948 302.343  710.295 375.228 37.112 181.995 
1757328138233.002 699.29 9.91778 301.189  705.233 372.948 37.3438 181.828 
1757328138239.248 699.326 9.94413 303.173  697.234 370.706 35.6151 181.649 
1757328138245.489 694.283 10.5687 305.255  692.267 370.253 35.7229 181.632 
1757328138251.736 686.779 10.7962 304.755  684.254 369.221 39.2935 181.956 
1757328138258.001 686.814 10.8222 306.714  680.248 369.694 36.0359 181.862 
1757328138264.247 681.867 11.4082 306.802  672.288 367.118 40.9732 181.81 
1757328138270.49 681.846 12.7264 308.732  661.257 367.619 43.2069 181.81 
1757328138276.746 679.402 13.0224 309.418  659.26 372.603 43.9848 181.779 
1757328138282.994 674.57 12.9601 310.145  653.248 374.899 41.8776 181.787 
1757328138289.232 669.748 13.5277 310.213  647.263 374.328 37.5401 181.631 
1757328138295.488 662.637 13.7353 310.324  640.278 373.042 32.9144 181.656 
1757328138301.756 660.292 14.0227 310.992  634.254 374.048 34.4452 181.722 
1757328138308.043 655.7 13.9525 310.763  629.202 372.283 34.2917 181.755 
1757328138314.235 651.057 14.505 311.136  621.263 371.4 33.6219 181.978 
1757328138320.482 644.246 14.6998 310.93  615.258 370.732 32.3 181.855 
1757328138326.756 641.98 14.9806 311.889  612.238 372.608 33.8543 181.622 
1757328138332.99 637.473 14.889 311.327  604.253 371.952 32.9603 181.639 
1757328138339.249 635.305 15.17 311.679  598.231 372.286 32.6548 181.946 
1757328138345.535 626.501 15.6076 310.881  594.198 371.2 33.8643 181.71 
1757328138351.747 624.291 15.8655 310.902  590.243 376.171 34.9274 181.731 
1757328138358.006 626.438 16.8511 313.296  583.215 377.261 37.0955 181.864 
1757328138364.242 624.272 17.1198 313.93  579.251 379.349 39.6452 181.613 
1757328138370.495 617.886 17.2874 313.113  568.25 376.411 35.4607 181.987 
1757328138376.766 613.619 17.8012 313.457  564.226 377.53 36.1828 181.975 
1757328138383.01 611.527 17.4592 313.787  556.213 376.782 36.6346 181.942 
1757328138389.245 607.318 17.9509 312.636  550.237 375.033 37.5133 181.943 
1757328138395.498 601.144 18.104 311.835  545.237 374.058 39.297 181.701 
1757328138401.74 597.052 18.6028 311.888  539.254 375.01 40.4347 181.945 
1757328138407.994 597.047 18.6122 312.769  533.235 374.171 39.8573 181.591 
1757328138414.243 591.033 18.7576 311.688  526.986 374.171 39.8573 181.591 
1757328138420.48 587.022 19.2315 310.573  520.009 373.357 39.7099 181.935 
1757328138426.733 583.051 19.7183 310.917  525.249 372.014 36.7645 181.67 
1757328138432.99 584.964 20.6425 311.448  510.245 371.206 37.0064 181.977 
1757328138439.221 579.11 20.1925 310.679  502.254 374.685 35.8169 181.949 
1757328138445.493 579.114 20.7811 311.253  495.982 374.685 35.8169 181.949 
1757328138451.745 569.53 20.7955 309.413  490.981 376.683 35.9622 181.788 
1757328138457.992 569.47 21.3663 309.965  484.984 374.481 38.1197 181.994 
1757328138464.223 565.696 21.2505 308.898  478.002 374.976 38.9825 181.707 
1757328138470.482 560.042 21.9306 308.141  472.018 375.726 39.5602 181.612 
1757328138476.735 556.393 21.8267 307.665  467.013 376.144 38.7465 181.592 
1757328138482.994 554.545 22.0476 307.138  464.981 376.301 39.3314 181.593 
1757328138489.229 550.91 21.9308 306.104  459.012 376.961 40.4072 181.945 
1757328138495.489 545.489 22.5996 305.387  450.985 375.979 43.0751 181.591 
1757328138501.741 547.222 23.4882 305.879  443.991 374.623 42.8703 181.707 
1757328138507.982 547.222 23.4882 305.879  440.004 374.127 42.6008 181.863 
1757328138514.235 538.343 23.4584 303.343  436.994 375.459 45.619 181.633 
1757328138520.475 538.306 24.005 303.33  438.017 374.021 47.6536 181.901 
1757328138526.726 534.818 23.8821 302.334  429.009 374.312 45.9033 181.886 
1757328138532.976 529.565 24.5129 301.374  418.991 374.843 46.0837 181.669 
1757328138539.225 526.18 24.3869 299.865  409.991 376.164 44.1086 181.657 
1757328138545.5 524.468 24.594 299.375  405.979 374.886 44.5549 181.747 
1757328138551.748 522.686 25.8713 298.862  400.978 374.457 43.7362 181.866 
1757328138557.975 520.988 26.0741 298.376  393.001 373.282 43.2522 181.634 
1757328138564.241 517.667 25.9439 297.161  388.98 375.399 43.3832 181.678 
1757328138570.474 512.663 26.5454 295.731  383.002 373.347 43.7209 181.848 
1757328138576.732 509.402 26.4159 294.801  377.992 373.424 43.6355 181.828 
1757328138582.986 507.732 26.6014 293.8  370.984 373.745 43.6029 181.767 
1757328138589.229 506.02 27.8463 293.309  361.985 372.991 44.4058 181.611 
1757328138595.492 504.395 28.0405 292.846  354.006 372.902 44.2533 181.884 
1757328138601.735 501.184 27.8849 290.631  348.993 373.138 43.5816 181.912 
1757328138607.967 496.392 28.4612 289.273  341.013 371.524 43.7396 181.648 
1757328138614.216 493.307 28.3232 287.625  334.995 372.37 45.0016 181.881 
1757328138620.479 491.736 28.5132 287.182  333.016 371.141 43.9145 181.643 
1757328138626.726 490.166 28.6876 285.713  323.998 370.174 44.2653 181.802 
1757328138632.976 484.019 28.9284 283.989  315.985 370.813 43.734 181.728 
1757328138639.221 486.966 30.0619 283.279  314 371.083 43.9389 181.746 
1757328138645.476 480.871 30.2902 281.583  308.003 370.418 44.5393 181.945 
1757328138651.724 479.325 30.4604 280.649  300.002 370.429 44.9268 181.733 
1757328138657.97 476.331 30.3003 278.562  293.01 371.059 44.0979 181.752 
1757328138664.214 471.874 30.8404 276.829  286.015 369.541 44.2395 181.743 
1757328138670.498 468.946 30.6877 275.279  281.972 372.664 44.9806 181.822 
1757328138676.728 467.499 30.8644 274.383  276.016 372.188 45.2537 181.608 
1757328138682.98 463.123 31.3753 271.705  269.999 373.055 45.3557 181.745 
1757328138689.211 461.678 31.5513 271.313  264.006 372.654 45.2492 181.855 
1757328138695.495 460.236 31.7124 269.939  255.968 373.331 43.7228 181.939 
1757328138701.724 454.577 31.8985 266.95  249.739 373.331 43.7228 181.939 
1757328138707.961 453.164 32.0572 265.599  243.502 373.331 43.7228 181.939 
1757328138714.221 454.45 32.84 265.212  237.242 373.331 43.7228 181.939 
1757328138720.479 450.245 33.3355 262.884  229.017 372.836 45.3384 181.621 
1757328138726.726 447.517 33.1685 260.478  222.77 372.836 45.3384 181.621 
1757328138732.98 446.122 33.3241 259.393  218.738 373.39 45.1327 181.841 
1757328138739.229 440.737 33.5108 257.034  210.733 371.906 45.0993 181.901 
1757328138745.47 443.28 34.5815 256.257  204.755 372.721 44.752 181.994 
1757328138751.744 437.883 34.7419 253.688  197.742 371.248 44.6438 181.656 
1757328138757.979 436.549 34.89 252.162  192.754 371.053 44.1021 181.625 
1757328138764.217 433.91 34.7227 250.317  187.78 372.97 44.5165 181.872 
1757328138770.463 432.636 34.8656 247.871  180.763 373.099 44.4048 181.82 
1757328138789.233 423.492 35.9142 240.726  162.239 373.025 44.7133 181.878 
1757328138795.496 423.388 36.8229 239.539  156.225 372.781 44.5228 181.606 
1757328138801.718 423.389 36.809 238.612  148.24 372.873 44.138 181.976 
1757328138807.962 417.028 37.0897 235.269  143.258 373.2 44.7373 181.949 
1757328138814.225 417.029 37.0691 233.892  137.243 373.333 44.8034 181.754 
1757328138820.486 412.009 37.6464 230.447  130.234 372.567 44.4191 181.847 
1757328138826.733 410.814 37.3292 229.266  123.232 372.083 44.1707 181.921 
1757328138832.997 411.917 38.5235 228.146  118.216 372.833 44.4139 181.692 
1757328138839.226 408.252 38.484 225.059  112.236 373.294 44.2584 181.662 
1757328138845.472 405.779 38.7564 223.162  105.242 373.113 43.9415 181.744 
1757328138851.721 402.205 38.7275 220.582  98.251 373.781 43.6249 181.686 
1757328138857.958 399.802 38.9876 217.829  91.249 372.474 43.3574 181.714 
1757328138864.22 399.708 39.8607 216.468  84.2429 373.087 43.2921 181.893 
1757328138870.468 397.324 40.1154 213.743  77.2429 373.147 43.3998 181.962 
1757328138876.72 393.797 40.0648 211.031  71.2361 372.444 42.9705 181.782 
1757328138882.965 391.458 40.3164 208.353  65.2529 373.283 42.9374 181.698 
1757328138889.213 392.567 41.0333 206.585  59.24 373.076 43.0973 181.921 
1757328138895.462 391.393 41.1415 204.378  52.991 373.076 43.0973 181.921 
1757328138901.714 386.8 41.23 201.524  46.7388 373.076 43.0973 181.921 
1757328138907.972 385.672 41.3281 198.479  40.481 373.076 43.0973 181.921 
1757328138914.207 381.164 41.4147 195.696  34.2458 373.076 43.0973 181.921 
1757328138920.463 381.146 41.8123 193.098  27.99 373.076 43.0973 181.921 
1757328138926.711 378.844 42.4778 190.321  21.7419 373.076 43.0973 181.921 
1757328138932.956 375.615 41.9968 187.831  600.111 11.111 11.111 111.111 
1757328138939.218 375.522 42.3728 185.265  600.111 11.111 11.111 111.111 
1757328138945.453 373.295 43.0519 183.392  600.111 11.111 11.111 111.111 
