1757328147745.126 945.975 -142 167.138  600.111 11.111 11.111 111.111 -1 0 0 0 0 0 0 0 0 0 0 0 0 
1757328147751.375 938.548 -139.443 174.723  600.111 11.111 11.111 111.111 -1 0 0 0 0 0 0 
1757328147757.617 926.968 -137.663 179.86  600.111 11.111 11.111 111.111 
1757328147763.853 911.994 -134.293 188.12  600.111 11.111 11.111 111.111 
1757328147776.342 894.096 -129.432 198.987  600.111 11.111 11.111 111.111 
1757328147820.101 814.318 -112.278 229.799  600.111 11.111 11.111 111.111 
1757328147826.351 811.29 -111.562 234.477  600.111 11.111 11.111 111.111 
1757328147832.596 802.33 -108.799 237.518  600.111 11.111 11.111 111.111 
1757328147870.099 758.834 -99.0027 260.148  600.111 11.111 11.111 111.111 
1757328147876.353 750.427 -97.8231 263.472  600.111 11.111 11.111 111.111 
1757328147882.597 745.052 -95.9144 266.925  1092.5 138.692 52.2837 170.622 
1757328147888.839 737.014 -94.103 270.52  1082.51 147.13 80.8325 153.673 
1757328147895.096 731.964 -91.5737 273.265  1067.51 155.461 81.1753 153.452 
1757328147901.364 724.103 -89.8216 276.417  1069.48 146.34 89.3563 149.151 
1757328147907.6 718.819 -89.3203 279.694  1062.5 143.403 89.1933 148.984 
1757328147913.841 706.092 -86.5101 280.694  960.546 176.094 -7.01483 186.024 
1757328147920.138 706.332 -85.1769 285.028  954.249 176.094 -7.01483 186.024 
1757328147926.357 698.896 -83.5215 287.369  948.03 176.094 -7.01483 186.024 
1757328147932.609 686.547 -81.4767 288.862  941.778 176.094 -7.01483 186.024 
1757328147938.856 679.32 -79.8945 289.804  935.531 176.094 -7.01483 186.024 
1757328147945.101 681.977 -79.1041 295.24  929.286 176.094 -7.01483 186.024 
1757328147951.358 672.499 -77.0328 296.229  923.029 176.094 -7.01483 186.024 
1757328147957.609 663.146 -75.6245 297.505  916.778 176.094 -7.01483 186.024 
1757328147963.831 658.569 -74.6019 300.803  910.556 176.094 -7.01483 186.024 
1757328147970.101 651.828 -73.1131 301.659  935.492 172.085 43.5707 175.023 
1757328147976.351 647.509 -70.8891 304.308  911.51 177.547 34.0649 180.732 
1757328147982.601 645.319 -70.3884 306.858  888.496 182.112 26.127 185.745 
1757328147988.839 636.481 -69.0884 307.677  885.506 183.999 28.0725 183.986 
1757328147995.099 627.888 -67.2109 308.495  902.486 187.258 41.3844 175.794 
1757328148001.387 621.558 -65.8202 309.856  892.457 188.024 41.7433 175.429 
1757328148057.593 579.931 -54.8311 325.858  832.509 186.489 40.9909 175.858 
1757328148063.861 572.396 -52.6427 325.028  809.478 193.096 30.9638 182.083 
1757328148070.097 564.835 -52.1798 324.45  810.482 198.947 34.547 180.114 
1757328148076.345 563.068 -51.2022 326.738  812.497 197.633 39.0647 176.871 
1757328148082.585 559.482 -49.8424 328.45  778.494 200.256 34.5843 177.078 
1757328148088.844 554.112 -48.1242 328.46  745.505 204.441 29.6618 177.172 
1757328148095.102 546.948 -47.1524 328.716  744.521 202.602 27.4276 177.292 
1757328148101.339 543.488 -46.3878 329.563  775.514 195.829 34.7234 177.199 
1757328148107.579 543.561 -45.273 331.785  773.499 191.135 38.7623 177.037 
1757328148113.842 538.361 -44.1523 332.859  768.493 189.496 38.8328 177.233 
1757328148120.079 529.813 -42.8746 332.264  761.495 191.168 40.9913 177.004 
1757328148126.349 524.744 -41.7996 332.485  756.482 191.486 41.14 176.886 
1757328148132.623 521.537 -40.0087 333.31  750.208 191.486 41.14 176.886 
1757328148138.853 521.529 -39.9917 335.45  744.229 190.872 42.3987 177.115 
1757328148145.078 513.326 -38.7831 335.096  737.265 191.383 42.0491 176.94 
1757328148151.335 510.155 -37.5546 336.405  723.258 190.245 39.6375 176.9 
1757328148157.574 506.927 -37.3998 336.358  723.278 187.62 39.897 176.997 
1757328148163.831 502.159 -36.3855 336.814  714.252 186.92 37.1606 177.246 
1757328148170.082 499.093 -34.6632 338.358  699.26 189.762 39.4387 177.192 
1757328148176.343 494.446 -33.6837 337.515  704.233 187.644 41.0066 176.871 
1757328148182.593 486.776 -32.5885 336.623  696.256 187.638 40.3741 176.974 
1757328148188.852 483.791 -31.4237 338.377  667.228 193.275 39.1641 177.14 
1757328148195.083 479.361 -29.9776 337.307  654.245 194.709 39.6289 177.164 
1757328148201.342 476.434 -28.8451 337.777  675.232 188.716 41.8752 177.069 
1757328148207.576 474.971 -28.026 338.761  668.259 192.129 39.463 177.255 
1757328148213.849 469.133 -27.8139 337.905  661.23 189.716 37.1419 176.912 
1757328148220.08 463.45 -26.1182 336.836  645.255 194.441 39.7848 177.067 
1757328148226.328 459.24 -24.7302 337.273  651.267 198.308 37.2187 177.287 
1757328148232.574 459.263 -24.2217 338.762  648.249 198.603 39.222 177.047 
1757328148238.835 456.483 -23.1467 338.716  642.282 195.193 36.365 176.882 
1757328148245.079 448.198 -22.4151 337.101  634.248 195.366 38.3394 176.889 
1757328148251.335 445.502 -21.3634 337.061  626.238 198.93 40.5211 176.956 
1757328148257.595 446.914 -20.658 338.32  620.249 199.551 49.2573 177.042 
1757328148263.823 441.503 -19.5498 337.967  612.265 198.462 48.1903 177.015 
1757328148270.117 436.196 -18.9335 337.392  605.215 197.869 48.7071 177.256 
1757328148276.327 432.282 -17.6474 336.852  599.257 199.003 49.1321 177.029 
1757328148282.573 429.697 -16.6419 336.337  595.25 199.376 50.0867 177.226 
1757328148288.844 425.857 -15.3702 336.748  596.248 201.999 52.5417 177.256 
1757328148295.088 420.812 -14.8009 335.507  587.254 198.314 47.3192 177.281 
1757328148301.332 419.555 -14.0692 336.184  581.01 198.314 47.3192 177.281 
1757328148307.584 417.041 -13.0988 335.669  574.008 199.576 44.5789 177.04 
1757328148313.823 413.359 -11.8769 334.931  568.024 202.188 50.1595 177.208 
1757328148320.092 408.452 -10.4322 333.931  561.011 201.771 48.066 177.2 
1757328148326.342 403.635 -10.3713 332.955  554.017 198.949 44.7391 176.903 
1757328148332.592 402.461 -9.66802 332.948  548.03 197.844 50.1868 177.083 
1757328148338.847 398.896 -8.04073 332.671  539.007 195.72 51.2489 177.229 
1757328148345.103 396.528 -7.57233 332.183  533.99 194.115 48.0647 176.898 
1757328148351.359 393.063 -6.86481 331.483  526.962 193.599 52.5033 177.134 
1757328148357.622 390.757 -5.5033 331.234  520.98 192.733 52.2408 177.09 
1757328148363.854 387.316 -4.82045 330.527  514.219 192.674 55.4671 177.038 
1757328148370.093 381.681 -4.13812 329.156  507.98 192.674 55.4671 177.038 
1757328148376.321 379.464 -3.24938 328.704  502.001 194.241 52.4185 177.265 
1757328148382.602 376.133 -2.15877 327.583  496.969 193.562 53.3165 177.143 
1757328148388.839 373.918 -1.29225 327.126  495.002 196.188 52.6081 177.137 
1757328148395.073 370.659 -0.217558 326.029  488.011 195.573 52.3858 177.097 
1757328148401.322 370.657 0.6568 326.458  481.005 196.979 53.6614 177.277 
1757328148407.571 365.299 1.70364 325.15  480.006 198.346 52.2534 177.067 
1757328148413.841 363.18 2.11328 324.292  475.991 198.739 48.8166 177.167 
1757328148420.084 357.947 3.12522 322.172  468.003 197.579 50.3496 176.973 
1757328148426.327 357.922 3.97276 322.16  462.993 198.287 51.8354 177.107 
1757328148432.577 354.832 4.57182 321.119  450.989 195.397 51.8708 177.208 
1757328148438.832 349.768 5.1404 319.482  446.02 194.953 54.2235 176.93 
1757328148445.087 347.71 6.77802 318.644  439.979 195.586 53.4689 177.218 
1757328148451.32 346.692 7.38468 318.23  435.007 197.135 56.3256 177.193 
1757328148457.566 340.764 8.1006 315.822  431.044 196.302 56.7639 177.25 
1757328148463.852 339.734 9.51982 315.402  417.969 193.833 58.0973 177.193 
1757328148470.066 337.767 10.2962 314.602  413.002 193.365 57.0808 177.064 
1757328148476.327 334.848 11.2474 313.416  406.99 193.505 58.2346 176.908 
1757328148482.61 331.043 11.5568 311.871  401.96 194.628 58.9985 176.941 
1757328148488.821 327.268 12.2542 309.537  396.998 194.99 57.8988 177.035 
1757328148495.068 326.293 13.2323 309.141  391.01 194.722 58.3703 177.216 
1757328148501.317 322.579 13.9232 307.637  387.008 195.542 58.9053 176.97 
1757328148507.57 321.63 14.8844 306.458  379.993 191.902 59.0148 177.153 
1757328148513.819 317.974 15.5591 304.983  372.016 191.064 59.3087 177.288 
1757328148520.078 315.218 16.8462 303.87  366.005 190.403 60.2113 177.257 
1757328148526.325 313.425 17.1646 302.366  359 192.225 61.6325 176.929 
1757328148532.563 308.99 17.9766 300.583  353.01 191.611 60.3724 177.041 
1757328148538.835 307.189 19.0581 298.7  346.977 192.612 60.2758 177.259 
1757328148545.083 304.578 19.5325 297.656  342.992 190.764 59.5889 177.071 
1757328148551.325 302.802 20.6052 296.179  336.987 189.323 59.4798 176.909 
1757328148557.573 300.238 21.0581 294.204  330.992 189.515 60.3331 176.944 
1757328148563.812 298.479 22.1227 293.316  323.003 189.184 60.7112 177.016 
1757328148570.075 294.273 22.8651 290.896  316.997 189.25 61.4952 177.272 
1757328148576.312 290.972 23.4573 289.029  311.002 188.484 61.5717 177.056 
1757328148582.565 290.09 24.3405 287.747  304.999 189.141 61.9105 177.004 
1757328148588.815 286.828 24.9101 285.539  298.997 188.695 61.9884 177.066 
1757328148595.072 284.329 26.0692 284.011  293.008 188.823 62.0071 176.969 
1757328148601.314 281.129 26.6228 282.031  285.994 189.341 60.8761 177.244 
1757328148607.564 280.292 27.4827 280.237  280 188.307 60.3001 177.168 
1757328148613.812 277.156 28.0318 278.48  273.008 190.487 60.9243 176.909 
1757328148620.08 274.744 29.1595 277.192  266.98 189.371 59.3566 176.949 
1757328148626.308 273.182 29.4047 275.333  262 189.283 59.5111 176.926 
1757328148632.564 269.365 30.053 272.443  255.007 189.463 59.326 177.022 
1757328148638.82 269.312 30.7622 271.523  247.987 190.911 60.1884 177.138 
1757328148645.06 265.532 31.3971 269.214  240.998 190.081 60.2756 177.136 
1757328148651.308 263.994 32.3545 267.391  239.007 189.054 60.44 177.215 
1757328148657.571 261.762 32.7107 265.152  233.003 188.068 60.439 176.941 
1757328148663.807 260.234 33.6529 263.353  226.767 188.068 60.439 176.941 
1757328148670.058 256.581 34.2464 260.621  222.006 188.392 60.6508 177.03 
1757328148676.315 255.079 35.1787 259.201  212.999 188.558 60.2982 177.24 
1757328148682.574 251.512 35.7541 256.183  206.74 188.558 60.2982 177.24 
1757328148688.822 249.321 36.7856 254.538  204.754 190.02 60.3743 176.902 
1757328148695.064 249.263 37.4508 252.796  189.763 190.432 60.6868 177.269 
1757328148701.314 245.771 38.0036 250.029  179.996 189.753 59.7434 177.118 
1757328148707.576 247.117 38.4486 249.295  173.734 189.753 59.7434 177.118 
1757328148713.827 240.29 39.5458 243.875  167.734 188.384 60.0577 177.078 
1757328148726.31 235.521 40.9377 239.247  155.512 188.351 59.7624 177.167 
1757328148732.561 233.461 41.9074 237.395  150.511 189.085 59.5015 177.06 
1757328148738.822 231.498 42.2056 235.421  145.503 189.292 59.2974 176.889 
1757328148745.072 230.77 42.9493 233.862  137.483 188.875 59.2864 177.29 
1757328148751.325 230.706 43.582 232.026  131.503 189.266 59.3728 176.901 
1757328148757.555 227.471 44.0666 229.184  124.553 189.411 59.1576 177.106 
1757328148763.828 225.495 44.9991 226.591  118.502 190.278 59.1287 177.041 
1757328148770.108 222.334 45.4727 223.979  112.46 190.244 58.6088 177.008 
1757328148776.33 221.642 46.1858 221.663  107.477 191.618 58.8737 177.043 
1757328148782.568 219.152 46.5466 219.136  100.517 191.68 58.5063 177.128 
1757328148788.807 219.632 47.7134 217.668  94.4971 191.361 58.1296 177.307 
1757328148795.085 216.558 48.1571 214.673  89.479 191.132 58.2093 177.06 
1757328148801.304 213.512 48.5961 212.037  83.501 190.443 58.4662 177.179 
1757328148807.564 211.642 49.467 208.968  76.4851 190.018 58.2793 176.985 
1757328148813.805 209.787 50.3432 206.548  70.5151 190.755 58.0583 177.094 
1757328148820.049 206.846 50.7551 203.382  64.5259 190.92 58.0865 177.268 
1757328148826.32 206.774 51.3427 201.341  56.5049 190.263 57.745 177.167 
1757328148832.575 204.947 52.1973 198.983  50.509 191.352 57.6672 177.203 
1757328148838.825 200.352 52.837 194.687  43.5381 190.827 57.3293 177.025 
1757328148845.084 200.287 53.4269 193.134  37.468 189.992 57.2546 177.239 
1757328148851.363 197.462 53.7974 189.677  31.189 189.992 57.2546 177.239 
1757328148857.552 196.84 54.4593 187.541  24.5181 192.515 56.813 177.22 
1757328148870.07 196.653 55.8751 182.052  12.2319 192.658 57.0073 177.019 
1757328148876.302 193.882 56.2551 179.891  6 192.658 57.0073 177.019 
1757328148882.557 192.662 57.2763 177.359  -0.254883 192.658 57.0073 177.019 
